17 16 20 
18 5 15 
21 -11 13 
20 6 17 
20 15 18 
**************************
6 39 8 
3 39 6 
6 42 6 
1 39 1 
7 45 5 
**************************
18 22 21 
-5 1 21 
15 18 17 
22 4 -7 
20 19 17 
**************************
24 21 24 
-2 7 19 
-3 17 16 
-2 5 23 
18 18 23 
**************************
22 -6 21 
25 3 23 
19 21 19 
4 9 27 
-4 2 23 
**************************
20 23 16 
22 6 -8 
23 17 16 
-8 8 18 
21 16 15 
**************************
20 18 21 
20 7 -12 
16 17 16 
20 6 14 
20 14 15 
**************************
30 29 28 
5 4 29 
-3 1 26 
-1 3 30 
-3 -3 29 
**************************
16 15 19 
13 7 13 
13 13 18 
19 2 13 
13 17 18 
**************************
15 18 21 
20 1 19 
16 14 16 
-7 1 14 
18 17 18 
