2 -6 -1 
2 3 1 
-2 -5 -2 
7 3 3 
-2 1 0 
**************************
0 0 -1 
1 3 -3 
-3 -2 -2 
3 7 -3 
-3 -2 4 
**************************
-1 -1 4 
-3 1 -1 
-3 -2 -1 
9 3 -6 
2 -2 2 
**************************
-4 -4 1 
-5 4 2 
-5 0 3 
0 -2 -2 
2 0 2 
**************************
3 -8 -3 
2 6 4 
-2 1 0 
7 3 -1 
-5 -5 -1 
**************************
2 -1 -3 
2 1 -11 
2 1 -1 
-5 -3 3 
3 -2 -4 
**************************
-3 -5 3 
5 4 -4 
-1 -2 -3 
8 5 -1 
1 -3 2 
**************************
-1 -3 -1 
1 2 6 
-6 -4 1 
1 4 1 
-1 -4 2 
**************************
-5 -2 -2 
3 2 4 
-1 2 -8 
8 -4 1 
2 -1 -1 
**************************
1 -2 -2 
5 2 4 
1 -4 3 
-8 2 -4 
6 -3 -5 
